5.0
6.2
6.6
7.0
8.3
8.8
9.2
10.5
10.9
11.3
13.9
15.0
15.4
15.8
17.5
17.9
18.3
19.4
19.8
20.2
22.7
23.8
24.4
24.9
25.5
26.0
26.6
27.1
27.7
28.2
28.8
29.3
29.9
30.4
31.0
31.5
32.1
33.2
34.3
34.9
35.4
36.0
36.5
37.1
37.6
38.2
38.7
39.3
39.7
40.4
40.9
42.0
42.6
43.7
44.8
45.4
45.9
46.5
47.0
47.6
48.1
48.7
49.2
49.8
50.3
50.9
51.4
52.0
52.5
53.1
53.6
54.2
54.7
55.3
55.8
56.4
56.9
57.5
58.0
58.6
59.7
60.3
60.8
61.6
62.0
62.4
63.0
63.5
64.1
64.6
65.2
65.7
66.3
66.8
67.4
68.0
68.5
69.0
69.6
70.2
70.7
71.3
71.9
72.4
73.0
73.5
74.0
74.4
74.6
75.2
75.7
76.3
76.8
77.4
77.9
78.5
79.0
79.6
80.1
80.7
81.2
81.8
82.3
82.9
83.2
83.4
84.0
84.6
85.1
85.7
86.2
86.8
87.3
87.9
88.4
89.0
89.5
90.1
90.6
91.2
91.7
92.3
92.8
93.4
93.9
94.5
95.0
95.6
97.8
98.3
98.9
99.5
100.0
100.6
